0.3045
0.2970
0.2945
0.2974
0.2963
0.2979
0.2896
0.2963
0.2910
0.2948
0.2916
0.2917
0.2928
0.2867
0.2890
0.2838
0.2863
0.2868
0.2888
0.2882
0.2873
0.2918
0.2845
0.2848
0.2886
0.2863
0.2878
0.2833
0.2857
0.2828
0.2847
0.2823
0.2875
0.2827
0.2874
0.2841
0.2897
0.2846
0.2895
0.2826
0.2780
0.2755
0.2738
0.2757
0.2746
0.2759
0.2701
0.2757
0.2703
0.2750
0.2714
0.2724
0.2735
0.2664
0.2695
0.2661
0.2676
0.2673
0.2687
0.2691
0.2680
0.2717
0.2662
0.2657
0.2686
0.2673
0.2678
0.2650
0.2655
0.2636
0.2645
0.2635
0.2677
0.2633
0.2656
0.2634
0.2681
0.2651
0.2682
0.2678
